0.99 0.95 0.75 0.5 0.25 0.05 0.01 
0.01 0.05 0.25 0.5 0.75 0.95 0.99
0.014 0.06749 0.2929 0.5176 0.7071 1.098 1.2728
0.01699 0.07919 0.3112 0.5147 0.7539 1.1017 1.3589
0.01943 0.08789 0.3202 0.511 0.7642 1.1304 1.3777
0.02152 0.09471 0.3249 0.5245 0.7674 1.1392 1.4024
0.02336 0.1002 0.3272 0.5319 0.7703 1.1463 1.4144
0.02501 0.1048 0.3280 0.5364 0.7755 1.1537 1.4246
0.0265 0.1086 0.3280 0.5392 0.7797 1.1586 1.4327
0.02786 0.1119 0.3274 0.5411 0.7825 1.1624 1.4388
0.02912 0.1147 0.3297 0.5426 0.7845 1.1658 1.444
0.03028 0.1172 0.333 0.5439 0.7863 1.1688 1.4484
0.03137 0.1193 0.3357 0.5453 0.788 1.1714 1.4521
